0,51 35 12
0,49 30 12
0,47 32 12
0,46 31 12
0,50 36 12
0,54 39 14
0,46 34 13
0,50 34 12
0,44 29 12
0,49 31 11
0,54 37 12
0,48 34 12
0,48 30 11
0,43 30 11
0,58 40 12
0,57 44 14
0,54 39 14
0,51 35 13
0,57 38 13
0,51 38 13
0,54 34 12
0,51 37 14
0,46 36 12
0,51 33 15
0,48 34 12
0,50 30 12
0,50 34 14
0,52 35 12
0,52 34 12
0,47 32 12
0,48 31 12
0,54 34 14
0,52 41 11
0,55 42 12
0,49 31 11
0,50 32 12
0,55 35 12
0,49 31 11
0,44 30 12
0,51 34 12
0,50 35 13
0,45 23 13
0,44 32 12
0,50 35 16
0,51 38 14
0,48 30 13
0,51 38 12
0,46 32 12
0,53 37 12
0,50 33 12
1,70 32 14
1,64 32 15
1,69 31 15
1,55 23 13
1,65 28 15
1,57 28 13
1,63 33 16
1,49 24 10
1,66 29 13
1,52 27 14
1,50 20 10
1,59 30 15
1,60 22 10
1,61 29 14
1,56 29 13
1,67 31 14
1,56 30 15
1,58 27 10
1,62 22 15
1,56 25 11
1,59 32 18
1,61 28 13
1,63 25 15
1,61 28 12
1,64 29 13
1,66 30 14
1,68 28 14
1,67 30 17
1,60 29 15
1,57 26 10
1,55 24 11
1,55 24 10
1,58 27 12
1,60 27 16
1,54 30 15
1,60 34 16
1,67 31 15
1,63 23 13
1,56 30 13
1,55 25 13
1,55 26 12
1,61 30 14
1,58 26 12
1,50 23 10
1,56 27 13
1,57 30 12
1,57 29 13
1,62 29 13
1,51 25 11
1,57 28 13
2,63 33 25
2,58 27 19
2,71 30 21
2,63 29 18
2,65 30 22
2,76 30 21
2,49 25 17
2,73 29 18
2,67 25 18
2,72 36 25
2,65 32 20
2,64 27 19
2,68 30 21
2,57 25 20
2,58 28 24
2,64 32 23
2,65 30 18
2,77 38 22
2,77 26 23
2,60 22 15
2,69 32 23
2,56 28 20
2,77 28 20
2,63 27 18
2,67 33 21
2,72 32 18
2,62 28 18
2,61 30 18
2,64 28 21
2,72 30 16
2,74 28 19
2,79 38 20
2,64 28 22
2,63 28 15
2,61 26 14
2,77 30 23
2,63 34 24
2,64 31 18
2,60 30 18
2,69 31 21
2,67 31 24
2,69 31 23
2,58 27 19
2,68 32 23
2,67 33 25
2,67 30 23
2,63 25 19
2,65 30 20
2,62 34 23
2,59 30 18
3,80 10 70
3,82 20 71
3,90 15 73
