2088948	1760350	-1	1318348785
2088948	1774722	-1	1318348785
2088948	786313	-1	1318348785
601635	1775029	-1	1318348785
601635	1902321	-1	1318348785
601635	462104	-1	1318348785
1529353	1774509	-1	1318348786
1529353	1774717	-1	1318348786
1529353	1775024	-1	1318348786
1853982	1760403	-1	1318348789
1853982	2105482	-1	1318348789
1853982	725387	-1	1318348789
2202935	1774595	-1	1318348789
2202935	1774796	-1	1318348789
2202935	458026	-1	1318348789
451392	1774509	-1	1318348790
451392	1774713	-1	1318348790
451392	647356	-1	1318348790
2270362	1774722	-1	1318348791
2270362	563514	-1	1318348791
2270362	665932	-1	1318348791
617676	1606515	-1	1318348791
617676	2105599	-1	1318348791
617676	629574	-1	1318348791
249130	1606575	-1	1318348792
249130	687441	-1	1318348792
249130	731434	-1	1318348792
753770	1419930	-1	1318348792
753770	1837210	-1	1318348792
753770	647356	-1	1318348792
1602280	1760353	-1	1318348793
1602280	2105598	-1	1318348793
1602280	908591	-1	1318348793
2307074	1774505	-1	1318348793
2307074	2393452	-1	1318348793
2307074	504783	-1	1318348793
633246	1774452	-1	1318348793
633246	1774996	-1	1318348793
633246	731434	1	1318348793
1579051	1774713	-1	1318348794
1579051	1774717	-1	1318348794
1579051	2393452	-1	1318348794
1951270	1760423	-1	1318348794
1951270	1775045	-1	1318348794
1951270	441554	-1	1318348794
2384384	1675399	1	1318348794
2384384	1774963	1	1318348794
2384384	682877	1	1318348794
421723	458026	-1	1318348794
421723	651131	-1	1318348794
421723	721665	-1	1318348794
1227022	1760350	-1	1318348795
1227022	1774452	-1	1318348795
1227022	1774797	-1	1318348795
1331696	1606474	-1	1318348795
1331696	1774963	-1	1318348795
1331696	696419	-1	1318348795
1608137	1760337	-1	1318348795
1608137	1774509	-1	1318348795
1608137	1774925	-1	1318348795
2319049	1774796	-1	1318348795
2319049	1775024	-1	1318348795
2319049	2188303	-1	1318348795
570974	1774687	-1	1318348795
570974	1774722	-1	1318348795
570974	560942	-1	1318348795
1035384	458026	-1	1318348796
1035384	647356	-1	1318348796
1035384	725387	-1	1318348796
2319049	1760402	-1	1318348796
2319049	2105514	-1	1318348796
2319049	218438	1	1318348796
421723	1774684	-1	1318348796
421723	562574	-1	1318348796
421723	721665	-1	1318348796
999261	2188303	-1	1318348796
999261	2393452	1	1318348796
999261	647356	-1	1318348796
1130508	1774452	-1	1318348797
1130508	1774941	-1	1318348797
1130508	303060	-1	1318348797
1463875	1847735	-1	1318348797
1463875	372259	1	1318348797
1463875	727324	1	1318348797
1991609	1760402	-1	1318348797
1991609	1774588	-1	1318348797
1991609	1774776	-1	1318348797
1080891	1760350	-1	1318348798
1080891	1760642	-1	1318348798
1080891	741681	-1	1318348798
1131359	1760388	-1	1318348798
1131359	1774509	-1	1318348798
1131359	563514	-1	1318348798
1311786	1775025	-1	1318348798
1311786	559957	-1	1318348798
1311786	725387	-1	1318348798
1331696	2188303	-1	1318348798
1331696	472999	-1	1318348798
1331696	626416	-1	1318348798
1507848	1928655	-1	1318348798
1507848	2105362	-1	1318348798
1507848	563514	-1	1318348798
1556367	424477	-1	1318348798
1556367	556994	-1	1318348798
1556367	594200	-1	1318348798
1927588	1774502	-1	1318348798
1927588	1775045	-1	1318348798
1927588	1928678	-1	1318348798
195497	1760344	1	1318348798
195497	1775024	-1	1318348798
195497	461710	-1	1318348798
1991609	1606559	-1	1318348798
1991609	1774684	-1	1318348798
1991609	647356	-1	1318348798
2336483	1774963	-1	1318348798
2336483	1774969	-1	1318348798
2336483	1775042	-1	1318348798
421723	1419930	-1	1318348798
421723	1774705	-1	1318348798
421723	1837210	-1	1318348798
1721827	1774952	-1	1318348799
1721827	1775044	-1	1318348799
1721827	1775045	-1	1318348799
893218	1331770	-1	1318348799
893218	1774925	-1	1318348799
893218	2012081	-1	1318348799
1562302	1774595	-1	1318348800
1562302	1774684	-1	1318348800
1562302	725379	-1	1318348800
1595702	1774753	-1	1318348800
1595702	458026	-1	1318348800
1595702	624922	-1	1318348800
2202603	1606610	-1	1318348800
2202603	1774934	-1	1318348800
2202603	741681	-1	1318348800
1331696	1774446	-1	1318348801
1331696	1774705	-1	1318348801
1331696	514413	-1	1318348801
1536263	1774809	-1	1318348801
1536263	1775042	-1	1318348801
1536263	2012081	-1	1318348801
1829743	1760403	-1	1318348801
1829743	2105561	-1	1318348801
1829743	727272	-1	1318348801
1991609	1774848	-1	1318348801
1991609	1775028	-1	1318348801
1991609	647356	-1	1318348801
2202935	1606574	-1	1318348801
2202935	1837210	-1	1318348801
2202935	458026	1	1318348801
2230345	1774520	-1	1318348801
2230345	1834460	-1	1318348801
2230345	665875	-1	1318348801
2307074	1638658	-1	1318348801
2307074	1760403	-1	1318348801
2307074	2105464	-1	1318348801
750882	1638658	-1	1318348801
750882	1774454	-1	1318348801
750882	1774717	-1	1318348801
1080891	1774613	-1	1318348802
1080891	1837210	-1	1318348802
1080891	2105489	-1	1318348802
1331696	1023543	-1	1318348802
1331696	1760386	-1	1318348802
1331696	623203	-1	1318348802
1486559	1774861	-1	1318348802
1486559	1774959	-1	1318348802
1486559	725383	-1	1318348802
1529353	1760396	-1	1318348803
1529353	1774505	1	1318348803
1529353	1774692	1	1318348803
538894	1760350	-1	1318348803
538894	1760388	-1	1318348803
538894	1774708	-1	1318348803
753770	1760376	-1	1318348803
753770	1774862	-1	1318348803
753770	1774952	-1	1318348803
1331696	1760422	-1	1318348804
1331696	623203	-1	1318348804
1331696	713211	-1	1318348804
1354946	1760376	-1	1318348804
1354946	1774967	-1	1318348804
1354946	2188303	-1	1318348804
1562302	1231352	-1	1318348804
1562302	1675399	-1	1318348804
1562302	1774925	-1	1318348804
2020980	1774722	1	1318348804
2020980	1774796	-1	1318348804
2020980	682877	1	1318348804
421723	1774633	-1	1318348804
421723	1774684	-1	1318348804
421723	721665	-1	1318348804
601635	1774520	-1	1318348804
601635	1774603	-1	1318348804
601635	1774941	-1	1318348804
678926	1902321	-1	1318348804
678926	218438	-1	1318348804
678926	713228	-1	1318348804
1463875	1774686	-1	1318348805
1463875	1775044	-1	1318348805
1463875	789890	-1	1318348805
1991609	1774796	-1	1318348805
1991609	1774963	-1	1318348805
1991609	2105599	-1	1318348805
257423	172508	-1	1318348805
257423	1760402	-1	1318348805
257423	1775001	-1	1318348805
328559	1774452	-1	1318348805
328559	1775045	-1	1318348805
328559	2188303	-1	1318348805
1120205	1760350	-1	1318348806
1120205	1774686	-1	1318348806
1120205	2393452	-1	1318348806
1331696	1774588	-1	1318348806
1331696	2420902	-1	1318348806
1331696	681085	-1	1318348806
1991609	1774797	-1	1318348806
1991609	1775024	-1	1318348806
1991609	1837210	-1	1318348806
891948	1606552	-1	1318348806
891948	1774462	-1	1318348806
891948	2105482	1	1318348806
1326164	1775042	-1	1318348807
1326164	2393452	-1	1318348807
1326164	563514	-1	1318348807
1463875	1847735	1	1318348807
1463875	2105603	1	1318348807
1463875	731434	1	1318348807
1629471	1760350	-1	1318348807
1629471	1774457	-1	1318348807
1629471	754522	-1	1318348807
1487206	1774502	-1	1318348808
1487206	504783	-1	1318348808
1487206	665939	-1	1318348808
2161831	1760376	-1	1318348808
2161831	1774692	-1	1318348808
2161831	372259	-1	1318348808
733091	1760344	1	1318348808
733091	1774848	-1	1318348808
733091	713228	-1	1318348808
950629	1606717	-1	1318348808
950629	1774692	-1	1318348808
950629	372259	-1	1318348808
1241035	1760402	-1	1318348809
1241035	2393452	-1	1318348809
1241035	713254	-1	1318348809
1331696	1606559	-1	1318348809
1331696	1774684	-1	1318348809
1331696	2188303	-1	1318348809
2256077	1760353	-1	1318348809
2256077	1774969	-1	1318348809
2256077	513098	-1	1318348809
659893	1774936	-1	1318348809
659893	682877	-1	1318348809
659893	713234	-1	1318348809
1331696	1760396	1	1318348810
1331696	1774684	-1	1318348810
1331696	684037	-1	1318348810
2161831	1760402	-1	1318348810
2161831	1774457	-1	1318348810
2161831	1774713	-1	1318348810
1178576	1774550	-1	1318348811
1178576	1775024	1	1318348811
1178576	713240	-1	1318348811
2319049	1606717	-1	1318348811
2319049	2105514	-1	1318348811
2319049	623203	-1	1318348811
400946	1760396	-1	1318348811
400946	424477	-1	1318348811
400946	647356	-1	1318348811
589757	1419930	-1	1318348811
589757	1774925	-1	1318348811
589757	1775044	-1	1318348811
1359538	1606575	-1	1318348812
1359538	2188303	-1	1318348812
1359538	504783	-1	1318348812
1622611	172508	-1	1318348812
1622611	1774862	-1	1318348812
1622611	428085	-1	1318348812
1991609	1774505	-1	1318348812
1991609	2105514	-1	1318348812
1991609	461710	-1	1318348812
753770	2105603	-1	1318348812
753770	218438	-1	1318348812
753770	623203	-1	1318348812
1990493	172508	-1	1318348813
1990493	1774502	-1	1318348813
1990493	1774848	1	1318348813
2161831	1775044	-1	1318348813
2161831	458026	-1	1318348813
2161831	713240	-1	1318348813
511058	1606608	-1	1318348813
511058	513098	-1	1318348813
511058	694649	-1	1318348813
2319049	1774952	-1	1318348814
2319049	461710	-1	1318348814
2319049	563514	-1	1318348814
805318	713251	-1	1318348814
805318	741681	-1	1318348814
805318	754522	-1	1318348814
1394703	1774509	-1	1318348815
1394703	338764	-1	1318348815
1394703	731389	-1	1318348815
2161831	1606515	1	1318348815
2161831	1774722	-1	1318348815
2161831	627961	-1	1318348815
2230345	1419930	-1	1318348815
2230345	1775044	-1	1318348815
2230345	2393452	-1	1318348815
2319049	1774536	-1	1318348815
2319049	2105362	-1	1318348815
2319049	731389	-1	1318348815
421723	1774969	-1	1318348815
421723	533506	-1	1318348815
421723	721665	-1	1318348815
632482	1606610	-1	1318348815
632482	1774540	-1	1318348815
632482	2105362	-1	1318348815
1576726	1774462	-1	1318348816
1576726	1774683	-1	1318348816
1576726	1774713	-1	1318348816
1606860	1606608	-1	1318348816
1606860	172508	-1	1318348816
1606860	1760350	-1	1318348816
481266	1774796	-1	1318348816
481266	1774963	-1	1318348816
481266	592273	-1	1318348816
1463875	1775045	-1	1318348818
1463875	692473	-1	1318348818
1463875	725379	-1	1318348818
1634276	1774722	-1	1318348818
1634276	2393452	-1	1318348818
1634276	2420902	-1	1318348818
1867677	1774520	-1	1318348818
1867677	1775024	-1	1318348818
1867677	594200	-1	1318348818
2242580	1760361	-1	1318348818
2242580	1774797	-1	1318348818
2242580	458026	1	1318348818
709015	1606574	-1	1318348818
709015	1774862	-1	1318348818
709015	2105476	-1	1318348818
1113005	1774540	-1	1318348819
1113005	627961	-1	1318348819
1113005	741521	-1	1318348819
2319049	1774925	-1	1318348819
2319049	2105514	-1	1318348819
2319049	513098	-1	1318348819
1340683	1837210	-1	1318348820
1340683	709795	-1	1318348820
1340683	725379	-1	1318348820
1906688	1774595	-1	1318348820
1906688	1775024	-1	1318348820
1906688	1775044	-1	1318348820
1927588	1419930	1	1318348820
1927588	1606574	1	1318348820
1927588	1760377	-1	1318348820
1951270	1704256	-1	1318348820
1951270	1774595	1	1318348820
1951270	930749	-1	1318348820
2313358	1774550	-1	1318348820
2313358	1774796	-1	1318348820
2313358	640892	-1	1318348820
750882	1774461	-1	1318348820
750882	1775024	-1	1318348820
750882	731434	-1	1318348820
805318	1077599	-1	1318348820
805318	1760381	-1	1318348820
805318	1775045	-1	1318348820
1587635	1774848	-1	1318348821
1587635	504783	-1	1318348821
1587635	682877	-1	1318348821
421723	1419930	-1	1318348821
421723	1505267	-1	1318348821
421723	1774550	-1	1318348821
751374	1774717	-1	1318348821
751374	1775024	-1	1318348821
751374	2188303	-1	1318348821
1463875	1494039	1	1318348822
1463875	1774452	1	1318348822
1463875	692473	1	1318348822
1534851	1774616	-1	1318348822
1534851	1774757	-1	1318348822
1534851	1775044	-1	1318348822
1853982	1606515	-1	1318348822
1853982	1760353	-1	1318348822
1853982	1774969	-1	1318348822
780259	1774520	-1	1318348822
780259	1774717	-1	1318348822
780259	458026	-1	1318348822
1991609	1774536	-1	1318348823
1991609	2105362	-1	1318348823
1991609	731389	-1	1318348823
753770	1760402	-1	1318348823
753770	1775045	-1	1318348823
753770	713254	-1	1318348823
1692282	1774457	-1	1318348824
1692282	2105489	-1	1318348824
1692282	725387	-1	1318348824
1906615	172508	-1	1318348824
1906615	1774462	-1	1318348824
1906615	1774509	-1	1318348824
1982797	1774713	1	1318348824
1982797	2105482	-1	1318348824
1982797	725387	-1	1318348824
2319049	1760376	-1	1318348824
2319049	1928655	-1	1318348824
2319049	300076	-1	1318348824
2324455	1606574	-1	1318348824
2324455	1760353	-1	1318348824
2324455	1774862	-1	1318348824
591972	1675399	-1	1318348824
591972	1774862	-1	1318348824
591972	1774941	-1	1318348824
2319049	1774957	-1	1318348825
2319049	1902321	-1	1318348825
2319049	338764	-1	1318348825
562824	1606552	-1	1318348825
562824	1760350	-1	1318348825
562824	1775024	1	1318348825
818523	218438	-1	1318348825
818523	2393452	-1	1318348825
818523	563514	1	1318348825
1325915	1760388	1	1318348826
1325915	1774520	-1	1318348826
1325915	218438	-1	1318348826
1646068	1774862	-1	1318348826
1646068	1774952	-1	1318348826
1646068	1837210	-1	1318348826
1692282	1760376	-1	1318348826
1692282	1774996	-1	1318348826
1692282	2105362	-1	1318348826
2161831	1760402	-1	1318348826
2161831	1774452	-1	1318348826
2161831	2105603	-1	1318348826
421723	1928678	-1	1318348826
421723	2105598	-1	1318348826
421723	626416	-1	1318348826
777588	1606552	-1	1318348826
777588	1774862	-1	1318348826
777588	1837210	-1	1318348826
1022851	1774550	-1	1318348827
1022851	1774713	-1	1318348827
1022851	725183	-1	1318348827
1311786	1760376	-1	1318348827
1311786	514413	-1	1318348827
1311786	725379	-1	1318348827
1766379	1419930	-1	1318348827
1766379	1774822	-1	1318348827
1766379	682877	-1	1318348827
2319049	1774454	-1	1318348827
2319049	193952	-1	1318348827
2319049	623203	-1	1318348827
2370039	1419930	-1	1318348827
2370039	1774457	-1	1318348827
2370039	1837210	-1	1318348827
1463875	1774941	-1	1318348828
1463875	424477	1	1318348828
1463875	789890	1	1318348828
1557486	1774713	-1	1318348828
1557486	662040	-1	1318348828
1557486	754522	-1	1318348828
2161831	1231352	-1	1318348828
2161831	1774452	-1	1318348828
2161831	682877	-1	1318348828
2256077	1774969	-1	1318348828
2256077	1774996	-1	1318348828
2256077	299289	-1	1318348828
780259	1774722	-1	1318348828
780259	1774969	-1	1318348828
780259	2105362	-1	1318348828
1081175	1774588	-1	1318348829
1081175	1774862	-1	1318348829
1081175	1774963	-1	1318348829
1343280	1606525	-1	1318348829
1343280	2206687	-1	1318348829
1343280	908591	-1	1318348829
1346273	1775025	1	1318348829
1346273	513098	1	1318348829
1346273	623203	1	1318348829
1439162	1774957	-1	1318348829
1439162	2105603	-1	1318348829
1439162	731434	-1	1318348829
1692282	1774848	-1	1318348829
1692282	1775029	-1	1318348829
1692282	1775044	-1	1318348829
1991609	1774692	-1	1318348829
1991609	1774713	-1	1318348829
1991609	1775028	-1	1318348829
2319049	1774946	-1	1318348829
2319049	561053	-1	1318348829
2319049	731389	1	1318348829
1311786	1774722	-1	1318348830
1311786	424477	-1	1318348830
1311786	629574	-1	1318348830
1590333	1774502	-1	1318348830
1590333	1774713	1	1318348830
1590333	1928678	-1	1318348830
1800404	1774713	-1	1318348830
1800404	1837210	1	1318348830
1800404	647356	-1	1318348830
